image: testone.pgm
resolution: 0.050000
origin: [-10.218317, -11.643703, 0.000000]
negate: 0
occupied_thresh: 0.65
free_thresh: 0.196

